161 161 161 161 161 161 161 161 161 161 161 161 161 161 161 161
161 161 161 161 161 161 161 127 127 127 161 161 161 161 161 161
161 161 161 161 161 134  21  39  39  39  50 141 161 161 161 161
161 161 161 160  18  42  42  39  39  39  17  38 146 161 161 161
161 161 161  18  84  84  84  39  39  39  39  17  38 138 161 161
161 161 134  42  84  84  84  84  39  39  39  17  17  33 161 161
161 161  21  42  84  84  84  84  39  39  39  17  17  24 122 161
161 127  39  39  39  84  84  39  39  39  17  17  51  53  31 161
161 127  39  39  39  39  39  39  39  39  17  17  51  53  31 161
161 127  39  39  39  39  39  39  39  17  17  17  53  53  31 161
161 161  50  17  39  39  39  17  17  17  17  53  53  24 122 161
161 161 141  38  17  17  17  17  17  17  53  53  53  33 161 161
161 161 161 146  38  17  17  51  51  53  53  53  35 160 161 161
161 161 161 161 138  33  24  53  53  53  24  33 160 161 161 161
161 161 161 161 161 161 122  31  31  31 122 161 161 161 161 161
161 161 161 161 161 161 161 161 161 161 161 161 161 161 161 161
149 149 149 149 149 149 149 149 149 149 149 149 149 149 149 149
149 149 149 149 149 149 149 108 108 108 149 149 149 149 149 149
149 149 149 149 149 124  26  65  65  65  26 124 149 149 149 149
149 149 149 148  20  69  69  65  65  65  17  62 134 149 149 149
149 149 149  20 124 124 124  65  65  65  65  17  62 125 149 149
149 149 124  69 124 124 124 124  65  65  65  17  17  22 149 149
149 149  26  69 124 124 124 124  65  65  65  17  17  17 110 149
149 108  65  65  65 124 124  65  65  65  17  17  17  17  21 149
149 108  65  65  65  65  65  65  65  65  17  17  17  17  21 149
149 108  65  65  65  65  65  65  65  17  17  17  17  17  21 149
149 149  26  17  65  65  65  17  17  17  17  17  17  17 110 149
149 149 124  62  17  17  17  17  17  17  17  17  17  22 149 149
149 149 149 134  62  17  17  17  17  17  17  17  22 148 149 149
149 149 149 149 125  22  17  17  17  17  17  22 148 149 149 149
149 149 149 149 149 149 110  21  21  21 110 149 149 149 149 149
149 149 149 149 149 149 149 149 149 149 149 149 149 149 149 149
133 133 133 133 133 133 133 133 133 133 133 133 133 133 133 133
133 133 133 133 133 133 133 141 141 141 133 133 133 133 133 133
133 133 133 133 133 149 221 241 241 241 174 138 133 133 133 133
133 133 133 133 218 241 241 241 241 241 217 239 127 133 133 133
133 133 133 218 243 243 243 241 241 241 241 217 239 122 133 133
133 133 149 241 243 243 243 243 241 241 241 217 217 103 133 133
133 133 221 241 243 243 243 243 241 241 241 217 217 206 115 133
133 141 241 241 241 243 243 241 241 241 217 217 163 159 121 133
133 141 241 241 241 241 241 241 241 241 217 217 163 159 121 133
133 141 241 241 241 241 241 241 241 217 217 217 159 159 121 133
133 133 174 217 241 241 241 217 217 217 217 159 159 206 115 133
133 133 138 239 217 217 217 217 217 217 159 159 159 103 133 133
133 133 133 127 239 217 217 163 163 159 159 159  94 132 133 133
133 133 133 133 122 103 206 159 159 159 206 103 132 133 133 133
133 133 133 133 133 133 115 121 121 121 115 133 133 133 133 133
133 133 133 133 133 133 133 133 133 133 133 133 133 133 133 133

161 161 161 161 161 161 161 161 161 161 161 161 161 161 161 161
161 161 161 161 161 154 101  28  28  28 106 161 161 161 161 161
161 161 161 161  98  29  31  53  53  53  30  29 146 161 161 161
161 161 161 101  29  17  17  41  41  53  53  53  29 146 161 161
161 161 127  33  17  17  17  17  17  17  51  53  53  29 161 161
161 161  48  21  39  39  39  21  17  17  17  51  53  30 106 161
161 120  39  39  39  39  39  39  39  17  17  17  53  53  28 161
161 120  39  39  39  39  39  39  39  39  17  17  41  53  28 161
161 120  39  39  47  84  81  39  39  39  21  17  41  53  28 161
161 158  24  49  84  84  84  81  39  39  39  17  17  31 101 161
161 161 104  50  84  84  84  84  39  39  39  17  17  29 154 161
161 161 152  27  84  84  84  47  39  39  39  17  29  98 161 161
161 161 161 152  27  50  49  39  39  39  21  33 101 161 161 161
161 161 161 161 152 104  24  39  39  39  48 127 161 161 161 161
161 161 161 161 161 161 158 120 120 120 161 161 161 161 161 161
161 161 161 161 161 161 161 161 161 161 161 161 161 161 161 161
149 149 149 149 149 149 149 149 149 149 149 149 149 149 149 149
149 149 149 149 149 142  89  20  20  20  93 149 149 149 149 149
149 149 149 149  86  20  17  17  17  17  17  20 134 149 149 149
149 149 149  91  43  17  17  17  17  17  17  17  19 134 149 149
149 149 107  53  17  17  17  17  17  17  17  17  17  20 149 149
149 149  32  26  65  65  65  26  17  17  17  17  17  17  93 149
149  99  65  65  65  65  65  65  65  17  17  17  17  17  20 149
149  99  65  65  65  65  65  65  65  65  17  17  17  17  20 149
149  99  65  65  76 124 120  65  65  65  26  17  17  17  20 149
149 145  34  78 124 124 124 120  65  65  65  17  17  17  89 149
149 149  98  79 124 124 124 124  65  65  65  17  17  20 142 149
149 149 141  38 124 124 124  76  65  65  65  17  43  86 149 149
149 149 149 140  38  79  78  65  65  65  26  53  91 149 149 149
149 149 149 149 141  98  34  65  65  65  32 107 149 149 149 149
149 149 149 149 149 149 145  99  99  99 149 149 149 149 149 149
149 149 149 149 149 149 149 149 149 149 149 149 149 149 149 149
133 133 133 133 133 133 133 133 133 133 133 133 133 133 133 133
133 133 133 133 133 129 110 138 138 138 108 133 133 133 133 133
133 133 133 133 115 137 192 159 159 159 195 129 126 133 133 133
133 133 133 118 230 217 217 177 177 159 159 159 145 126 133 133
133 133 141 235 217 217 217 217 217 217 161 159 159 129 133 133
133 133 184 221 241 241 241 221 217 217 217 161 159 195 108 133
133 142 241 241 241 241 241 241 241 217 217 217 159 159 138 133
133 142 241 241 241 241 241 241 241 241 217 217 177 159 138 133
133 142 241 241 241 243 242 241 241 241 221 217 177 159 138 133
133 133 225 241 243 243 243 242 241 241 241 217 217 192 110 133
133 133 167 241 243 243 243 243 241 241 241 217 217 137 129 133
133 133 137 226 243 243 243 241 241 241 241 217 230 115 133 133
133 133 133 138 226 241 241 241 241 241 221 235 118 133 133 133
133 133 133 133 137 167 225 241 241 241 184 141 133 133 133 133
133 133 133 133 133 133 133 142 142 142 133 133 133 133 133 133
133 133 133 133 133 133 133 133 133 133 133 133 133 133 133 133

161 161 161 161 161 161 161 161 161 161 161 161 161 161 161 161
161 161 161 161 161 106  28  28  28 101 154 161 161 161 161 161
161 161 161 146  29  30  53  53  53  31  29  98 161 161 161 161
161 161 146  29  53  53  53  41  41  17  17  29 101 161 161 161
161 161  29  53  53  51  17  17  17  17  17  17  33 127 161 161
161 106  30  53  51  17  17  17  21  39  39  39  21  48 161 161
161  28  53  53  17  17  17  39  39  39  39  39  39  39 120 161
161  28  53  41  17  17  39  39  39  39  39  39  39  39 120 161
161  28  53  41  17  21  39  39  39  81  84  47  39  39 120 161
161 101  31  17  17  39  39  39  81  84  84  84  49  24 158 161
161 154  29  17  17  39  39  39  84  84  84  84  50 104 161 161
161 161  98  29  17  39  39  39  47  84  84  84  27 152 161 161
161 161 161 101  33  21  39  39  39  49  50  27 152 161 161 161
161 161 161 161 127  48  39  39  39  24 104 152 161 161 161 161
161 161 161 161 161 161 120 120 120 158 161 161 161 161 161 161
161 161 161 161 161 161 161 161 161 161 161 161 161 161 161 161
149 149 149 149 149 149 149 149 149 149 149 149 149 149 149 149
149 149 149 149 149  93  20  20  20  89 142 149 149 149 149 149
149 149 149 134  20  17  17  17  17  17  20  86 149 149 149 149
149 149 134  19  17  17  17  17  17  17  17  43  91 149 149 149
149 149  20  17  17  17  17  17  17  17  17  17  53 107 149 149
149  93  17  17  17  17  17  17  26  65  65  65  26  32 149 149
149  20  17  17  17  17  17  65  65  65  65  65  65  65  99 149
149  20  17  17  17  17  65  65  65  65  65  65  65  65  99 149
149  20  17  17  17  26  65  65  65 120 124  76  65  65  99 149
149  89  17  17  17  65  65  65 120 124 124 124  78  34 145 149
149 142  20  17  17  65  65  65 124 124 124 124  79  98 149 149
149 149  86  43  17  65  65  65  76 124 124 124  38 141 149 149
149 149 149  91  53  26  65  65  65  78  79  38 140 149 149 149
149 149 149 149 107  32  65  65  65  34  98 141 149 149 149 149
149 149 149 149 149 149  99  99  99 145 149 149 149 149 149 149
149 149 149 149 149 149 149 149 149 149 149 149 149 149 149 149
133 133 133 133 133 133 133 133 133 133 133 133 133 133 133 133
133 133 133 133 133 108 138 138 138 110 129 133 133 133 133 133
133 133 133 126 129 195 159 159 159 192 137 115 133 133 133 133
133 133 126 145 159 159 159 177 177 217 217 230 118 133 133 133
133 133 129 159 159 161 217 217 217 217 217 217 235 141 133 133
133 108 195 159 161 217 217 217 221 241 241 241 221 184 133 133
133 138 159 159 217 217 217 241 241 241 241 241 241 241 142 133
133 138 159 177 217 217 241 241 241 241 241 241 241 241 142 133
133 138 159 177 217 221 241 241 241 242 243 241 241 241 142 133
133 110 192 217 217 241 241 241 242 243 243 243 241 225 133 133
133 129 137 217 217 241 241 241 243 243 243 243 241 167 133 133
133 133 115 230 217 241 241 241 241 243 243 243 226 137 133 133
133 133 133 118 235 221 241 241 241 241 241 226 138 133 133 133
133 133 133 133 141 184 241 241 241 225 167 137 133 133 133 133
133 133 133 133 133 133 142 142 142 133 133 133 133 133 133 133
133 133 133 133 133 133 133 133 133 133 133 133 133 133 133 133

161 161 161 161 161 161 161 161 161 161 161 161 161 161 161 161
161 161 161 161 161 161 120 120 120 158 161 161 161 161 161 161
161 161 161 161 127  48  39  39  39  24 104 152 161 161 161 161
161 161 161 101  33  21  39  39  39  49  50  27 152 161 161 161
161 161  98  29  17  39  39  39  47  84  84  84  27 152 161 161
161 154  29  17  17  39  39  39  84  84  84  84  50 104 161 161
161 101  31  17  17  39  39  39  81  84  84  84  49  24 158 161
161  28  53  41  17  21  39  39  39  81  84  47  39  39 120 161
161  28  53  41  17  17  39  39  39  39  39  39  39  39 120 161
161  28  53  53  17  17  17  39  39  39  39  39  39  39 120 161
161 106  30  53  51  17  17  17  21  39  39  39  21  48 161 161
161 161  29  53  53  51  17  17  17  17  17  17  33 127 161 161
161 161 146  29  53  53  53  41  41  17  17  29 101 161 161 161
161 161 161 146  29  30  53  53  53  31  29  98 161 161 161 161
161 161 161 161 161 106  28  28  28 101 154 161 161 161 161 161
161 161 161 161 161 161 161 161 161 161 161 161 161 161 161 161
149 149 149 149 149 149 149 149 149 149 149 149 149 149 149 149
149 149 149 149 149 149  99  99  99 145 149 149 149 149 149 149
149 149 149 149 107  32  65  65  65  34  98 141 149 149 149 149
149 149 149  91  53  26  65  65  65  78  79  38 140 149 149 149
149 149  86  43  17  65  65  65  76 124 124 124  38 141 149 149
149 142  20  17  17  65  65  65 124 124 124 124  79  98 149 149
149  89  17  17  17  65  65  65 120 124 124 124  78  34 145 149
149  20  17  17  17  26  65  65  65 120 124  76  65  65  99 149
149  20  17  17  17  17  65  65  65  65  65  65  65  65  99 149
149  20  17  17  17  17  17  65  65  65  65  65  65  65  99 149
149  93  17  17  17  17  17  17  26  65  65  65  26  32 149 149
149 149  20  17  17  17  17  17  17  17  17  17  53 107 149 149
149 149 134  19  17  17  17  17  17  17  17  43  91 149 149 149
149 149 149 134  20  17  17  17  17  17  20  86 149 149 149 149
149 149 149 149 149  93  20  20  20  89 142 149 149 149 149 149
149 149 149 149 149 149 149 149 149 149 149 149 149 149 149 149
133 133 133 133 133 133 133 133 133 133 133 133 133 133 133 133
133 133 133 133 133 133 142 142 142 133 133 133 133 133 133 133
133 133 133 133 141 184 241 241 241 225 167 137 133 133 133 133
133 133 133 118 235 221 241 241 241 241 241 226 138 133 133 133
133 133 115 230 217 241 241 241 241 243 243 243 226 137 133 133
133 129 137 217 217 241 241 241 243 243 243 243 241 167 133 133
133 110 192 217 217 241 241 241 242 243 243 243 241 225 133 133
133 138 159 177 217 221 241 241 241 242 243 241 241 241 142 133
133 138 159 177 217 217 241 241 241 241 241 241 241 241 142 133
133 138 159 159 217 217 217 241 241 241 241 241 241 241 142 133
133 108 195 159 161 217 217 217 221 241 241 241 221 184 133 133
133 133 129 159 159 161 217 217 217 217 217 217 235 141 133 133
133 133 126 145 159 159 159 177 177 217 217 230 118 133 133 133
133 133 133 126 129 195 159 159 159 192 137 115 133 133 133 133
133 133 133 133 133 108 138 138 138 110 129 133 133 133 133 133
133 133 133 133 133 133 133 133 133 133 133 133 133 133 133 133
